moe_dump layer=0 batch=64 n_unique=188 ids=0,1,3,5,6,7,10,12,13,14,15,16,17,18,19,20,21,22,23,24,25,27,28,29,30,31,32,33,34,35,36,37,38,39,40,41,43,44,45,46,47,48,49,50,51,52,53,54,55,57,58,60,61,62,63,66,68,69,70,71,73,75,76,77,78,79,82,84,86,89,91,93,95,96,97,99,100,102,104,105,106,107,108,109,110,113,114,115,116,117,118,119,120,121,122,123,124,125,126,127,130,132,135,137,138,139,140,143,144,146,147,150,151,152,153,154,156,157,158,159,161,162,163,164,165,166,168,169,170,171,173,174,175,176,177,179,181,182,183,184,185,186,188,189,191,194,196,197,198,199,200,202,203,205,207,208,210,211,213,215,216,217,218,221,222,223,225,228,230,231,232,233,234,235,238,239,240,242,244,245,246,247,248,249,250,252,254,255
moe_dump layer=0 batch=64 n_unique=183 ids=0,1,2,3,5,6,7,9,14,15,16,17,18,19,22,23,24,25,26,27,29,30,31,32,34,36,37,38,39,40,42,44,45,46,47,48,49,50,51,52,54,55,56,59,60,62,63,64,67,69,70,71,72,73,76,77,78,79,80,81,82,83,84,85,86,87,88,91,92,93,94,95,96,98,99,100,102,103,104,105,106,107,109,110,111,112,113,114,116,117,119,122,123,125,126,127,128,129,131,132,133,135,136,138,139,140,141,142,143,144,146,147,150,151,153,156,157,158,159,161,162,163,165,166,168,169,172,173,174,175,176,177,180,181,182,183,184,185,186,188,189,191,193,194,195,196,197,198,199,200,202,205,207,210,211,213,214,215,216,217,218,219,221,222,224,225,227,228,229,230,231,233,235,236,239,240,244,247,248,249,252,254,255
moe_dump layer=0 batch=56 n_unique=170 ids=1,3,5,6,7,9,10,13,14,15,16,18,19,20,21,22,23,24,25,27,28,29,30,31,33,35,36,37,38,40,41,43,44,45,46,48,49,50,51,52,53,54,55,57,58,61,62,63,66,68,69,70,71,73,75,76,77,78,79,82,84,85,86,89,91,93,95,96,97,99,100,102,103,104,105,106,107,108,109,110,113,114,115,116,117,118,119,120,121,122,123,124,125,126,127,129,130,132,135,137,138,139,140,142,143,146,150,151,152,154,156,158,163,164,165,166,168,169,170,171,174,175,176,177,179,181,182,183,184,185,186,188,189,191,194,196,197,198,202,203,205,208,210,211,213,215,216,217,218,221,222,223,225,228,229,230,232,233,234,238,239,240,242,245,246,247,249,250,252,255
moe_dump layer=1 batch=64 n_unique=184 ids=0,2,3,5,6,7,8,9,11,13,14,15,16,18,22,23,24,25,26,27,29,30,31,32,33,34,35,36,37,38,39,40,42,44,46,47,48,49,50,51,53,55,56,57,58,59,60,61,62,63,64,65,66,67,68,69,71,72,73,74,75,76,77,79,80,82,84,85,86,88,89,90,93,96,97,98,99,100,103,104,105,107,110,111,113,114,115,116,117,118,119,120,121,122,123,124,125,126,130,131,134,136,137,139,140,141,142,144,145,146,147,148,149,151,153,154,155,156,157,158,159,160,161,162,163,164,165,166,169,170,172,173,174,178,179,183,184,185,186,187,188,192,194,195,196,197,198,200,204,206,207,212,213,215,216,217,218,221,222,223,224,225,226,228,230,231,232,233,234,235,236,237,238,240,241,244,245,247,248,249,250,251,253,255
moe_dump layer=1 batch=64 n_unique=175 ids=0,1,2,3,4,5,6,7,8,9,10,11,14,15,18,19,20,22,23,24,25,27,29,30,31,32,34,35,36,37,38,39,40,41,45,46,47,49,51,53,54,56,57,58,60,62,64,65,66,67,68,70,71,72,75,76,77,78,79,80,82,83,88,89,90,91,92,93,95,96,97,99,100,101,103,104,106,107,108,110,111,112,113,114,115,116,117,118,119,120,122,123,124,125,127,130,134,135,138,139,140,142,143,146,147,148,149,150,151,153,154,155,156,157,160,161,162,163,164,165,167,172,173,174,175,178,181,182,183,184,185,186,187,188,190,192,194,195,198,200,201,202,203,204,206,207,210,213,214,215,216,218,219,220,222,223,224,227,228,229,232,233,234,235,237,238,240,241,242,243,246,248,251,253,255
moe_dump layer=1 batch=56 n_unique=167 ids=0,2,3,5,6,7,8,9,10,11,13,14,15,16,18,22,23,24,25,26,27,29,30,31,32,34,36,37,38,39,40,42,44,46,47,48,49,50,53,54,55,56,57,58,59,60,61,62,63,64,66,67,68,69,71,72,73,74,76,77,79,82,84,85,86,89,90,93,96,97,98,99,100,103,107,110,111,113,114,115,116,117,118,119,120,121,122,123,124,125,130,131,134,136,137,139,140,141,142,144,145,146,147,148,149,151,153,155,156,157,158,159,160,161,163,164,165,166,169,173,174,178,179,186,187,188,192,194,195,196,197,200,207,210,212,213,214,215,216,217,220,221,222,223,224,225,226,227,228,230,231,232,233,234,236,237,238,241,244,245,247,248,249,250,251,253,255
moe_dump layer=2 batch=64 n_unique=188 ids=1,4,5,6,7,8,9,10,11,12,13,15,16,17,20,21,22,23,24,26,27,28,29,30,31,32,33,34,35,36,37,38,39,40,42,43,44,46,47,48,49,51,53,55,56,58,59,61,62,63,65,66,68,69,70,71,74,75,76,77,78,79,80,81,82,83,84,85,86,87,88,89,90,91,92,93,94,96,97,98,99,101,103,104,107,108,110,112,114,115,117,118,119,120,121,122,124,125,127,128,129,130,132,133,135,137,140,141,143,144,146,147,148,152,153,155,156,158,159,160,161,162,164,166,167,168,169,170,171,172,173,174,177,178,180,182,183,184,185,187,188,190,191,192,194,195,197,198,199,203,204,205,207,209,210,211,212,213,214,215,216,218,220,223,224,225,226,227,229,230,231,232,233,234,235,236,238,239,241,242,243,244,246,247,249,250,251,252
moe_dump layer=2 batch=64 n_unique=185 ids=0,1,3,4,5,6,7,9,10,11,12,13,15,16,17,18,19,20,21,22,23,26,27,30,32,33,34,35,38,39,40,41,42,43,44,45,46,47,48,50,53,55,56,57,58,59,60,61,62,64,65,67,68,69,70,71,73,74,76,77,78,79,81,82,83,84,85,87,88,89,90,92,94,95,96,97,98,99,101,103,104,105,107,108,109,111,112,113,117,118,119,120,121,123,124,126,128,129,130,133,134,137,139,140,141,145,146,147,148,150,152,153,155,156,157,158,159,160,161,162,164,165,166,167,168,169,170,171,174,175,176,177,180,181,183,184,185,186,187,188,189,190,191,192,193,195,197,198,199,202,203,205,207,208,210,211,212,213,214,215,218,220,222,223,224,225,227,229,230,231,234,236,237,238,240,241,242,244,245,247,248,250,252,253,255
moe_dump layer=2 batch=56 n_unique=173 ids=1,5,6,7,8,9,10,11,12,13,14,15,16,17,20,21,22,23,24,26,27,28,29,30,31,32,33,34,35,36,37,38,39,40,41,42,43,44,46,47,48,49,51,53,55,56,58,59,61,62,63,65,66,67,68,69,71,74,75,76,77,79,80,81,83,84,85,86,87,88,89,90,91,92,93,94,96,98,99,101,103,105,107,108,110,112,115,118,119,120,121,122,124,125,127,128,130,133,135,137,140,141,143,144,146,147,152,153,156,158,159,160,161,164,166,167,168,170,172,173,174,177,178,182,183,184,185,187,188,190,191,192,194,195,197,198,199,204,205,207,209,210,211,212,213,214,215,216,217,218,220,223,224,225,226,230,231,232,233,235,236,238,239,241,242,243,244,246,247,249,250,251,252
moe_dump layer=3 batch=64 n_unique=93 ids=0,3,4,10,11,14,18,26,29,31,34,38,39,44,48,49,50,52,54,57,59,60,61,63,64,68,71,72,75,79,83,84,89,90,92,93,99,101,102,103,105,108,109,111,114,116,117,118,119,120,121,122,124,131,133,136,140,143,145,148,150,153,154,155,163,166,169,172,173,175,176,182,187,188,189,190,194,198,201,203,205,209,211,212,213,227,234,235,237,240,241,248,252
moe_dump layer=3 batch=64 n_unique=102 ids=3,4,10,11,14,16,18,19,26,29,31,32,34,35,38,44,48,49,50,52,54,56,57,59,60,61,63,66,67,70,72,75,79,80,83,84,86,87,89,92,94,99,101,102,103,105,106,108,109,111,112,114,116,117,120,121,123,131,132,133,134,137,140,144,145,146,148,152,163,169,172,173,174,175,176,182,187,188,189,194,198,200,201,203,204,205,206,209,212,218,226,232,234,237,240,241,242,244,249,250,252,255
moe_dump layer=3 batch=56 n_unique=100 ids=0,3,4,5,7,10,13,14,16,18,20,26,27,29,31,38,44,48,49,50,52,53,54,57,60,61,63,67,68,69,70,72,75,77,78,83,84,89,92,93,96,98,99,101,103,105,108,109,111,112,114,116,117,119,121,123,129,131,133,138,145,148,150,160,163,164,169,170,172,173,175,176,182,183,187,188,192,193,194,195,197,200,201,203,205,206,212,217,226,228,231,233,234,235,237,242,248,250,252,254
moe_dump layer=4 batch=64 n_unique=93 ids=3,8,9,12,20,23,26,27,28,32,33,34,35,37,38,39,43,50,53,56,64,68,70,78,81,83,90,95,97,98,100,103,104,106,107,110,111,114,118,120,121,122,124,127,128,139,141,142,146,151,153,156,158,161,164,166,167,170,175,176,177,178,179,182,192,195,197,198,199,206,210,212,213,216,220,222,223,230,231,232,233,235,236,240,241,242,246,248,250,251,252,254,255
moe_dump layer=4 batch=64 n_unique=74 ids=8,12,23,26,27,29,32,33,34,35,37,38,39,40,43,53,56,73,78,81,83,90,93,95,97,98,100,104,105,106,107,110,111,114,116,118,120,124,127,128,131,137,147,153,159,164,175,176,177,179,189,192,193,195,198,213,218,220,225,227,230,231,232,233,235,236,237,242,244,248,249,250,251,252
moe_dump layer=4 batch=56 n_unique=82 ids=8,9,12,13,18,23,26,27,28,33,34,38,39,43,53,56,63,68,70,72,78,81,83,84,90,93,95,97,98,100,101,103,104,106,107,108,111,113,116,121,127,131,139,141,153,156,158,161,164,166,170,174,175,176,177,182,183,184,186,189,192,193,195,196,198,206,210,213,220,228,230,231,232,235,236,241,242,246,248,251,252,254
moe_dump layer=5 batch=64 n_unique=97 ids=0,1,2,5,9,10,11,13,14,15,16,18,19,22,23,29,32,34,35,40,42,45,47,49,53,55,56,58,59,60,61,67,72,75,76,84,86,88,92,93,95,102,105,109,110,111,115,117,125,129,132,134,141,149,150,151,153,154,159,160,161,163,164,167,169,171,175,180,181,182,188,191,194,197,199,200,201,203,207,208,209,213,217,220,221,224,226,228,232,235,241,242,245,246,247,249,252
moe_dump layer=5 batch=64 n_unique=102 ids=0,2,5,9,10,14,15,19,20,21,22,23,25,29,35,40,42,45,47,49,56,61,72,73,76,80,81,84,85,86,87,92,95,98,102,109,110,111,112,114,115,117,119,121,129,141,144,145,147,149,150,151,152,153,154,159,160,161,163,164,167,171,173,175,177,179,180,181,183,186,189,191,193,194,195,197,199,200,203,205,206,207,208,209,212,213,214,217,220,221,224,226,238,239,241,242,243,245,246,247,252,255
moe_dump layer=5 batch=56 n_unique=96 ids=2,5,10,11,13,14,15,29,30,35,36,39,40,42,45,47,49,53,56,61,63,64,73,76,79,80,84,88,92,95,96,100,102,104,105,109,110,111,112,115,116,118,119,120,125,133,141,145,149,150,151,154,159,160,163,164,167,168,169,171,172,173,174,175,176,177,180,181,182,183,189,191,193,197,199,201,203,205,207,208,209,210,217,220,226,228,232,235,241,242,244,246,247,249,252,254
moe_dump layer=6 batch=64 n_unique=88 ids=0,1,3,8,9,13,14,16,22,24,27,29,30,31,35,47,50,54,55,56,57,66,67,68,70,73,77,78,80,86,87,91,92,93,95,96,103,104,109,111,121,124,129,131,134,138,139,140,142,144,147,148,149,164,166,169,170,177,179,181,190,192,195,199,201,202,203,204,205,207,209,212,216,218,221,223,224,225,226,229,236,238,239,242,246,253,254,255
moe_dump layer=6 batch=64 n_unique=87 ids=0,1,3,8,9,10,14,15,16,17,20,27,29,30,31,50,55,64,65,68,70,73,77,78,80,83,86,87,91,92,93,95,96,103,108,109,111,115,121,123,129,130,131,134,138,139,140,142,144,147,161,164,168,169,170,178,179,190,194,195,196,197,200,203,204,205,207,209,211,214,216,221,222,223,224,228,229,233,236,238,239,242,244,245,253,254,255
moe_dump layer=6 batch=56 n_unique=92 ids=0,1,3,6,8,9,10,13,14,16,22,24,27,29,31,38,40,44,45,47,50,51,53,54,55,58,61,64,67,68,80,83,86,87,88,91,92,93,95,103,104,108,109,111,117,120,121,127,129,131,134,137,138,139,140,142,144,147,156,161,164,166,170,177,178,190,192,195,201,203,207,209,211,212,216,218,221,223,224,228,229,232,233,236,238,239,244,246,248,253,254,255
moe_dump layer=7 batch=64 n_unique=83 ids=0,5,6,8,12,18,23,26,28,30,32,40,45,51,54,56,57,59,60,61,65,66,72,76,78,80,87,88,90,96,103,106,114,115,121,122,123,124,128,135,136,137,139,140,141,142,145,152,154,157,160,165,168,169,170,172,177,180,181,182,184,185,187,188,192,193,194,209,212,213,216,220,221,228,230,233,238,239,244,247,250,252,254
moe_dump layer=7 batch=64 n_unique=68 ids=6,12,16,20,28,30,32,40,51,54,59,61,63,66,76,78,80,84,86,90,91,96,99,103,106,115,117,121,122,125,130,139,140,141,154,157,160,170,172,177,181,182,185,187,192,193,194,198,200,204,210,211,213,216,220,221,226,228,233,237,239,241,242,244,249,250,252,253
moe_dump layer=7 batch=56 n_unique=75 ids=10,12,13,22,23,24,28,30,41,46,51,54,59,61,62,63,66,71,72,75,76,78,80,85,86,90,96,100,103,104,106,110,113,114,117,119,120,122,125,130,139,140,141,147,152,154,156,160,165,169,170,172,177,179,181,182,187,189,192,193,194,198,200,205,209,213,217,220,221,228,230,233,235,242,244
moe_dump layer=8 batch=64 n_unique=85 ids=1,4,6,7,10,12,13,14,15,16,20,22,24,27,28,30,34,35,38,41,45,46,47,53,54,56,57,63,67,73,74,76,81,82,84,85,88,90,91,98,103,106,110,115,119,120,122,126,128,129,130,131,134,135,140,146,147,150,157,158,164,168,170,172,179,187,189,191,195,200,205,206,217,218,219,225,226,229,235,237,238,247,249,250,255
moe_dump layer=8 batch=64 n_unique=81 ids=1,2,10,12,13,15,22,24,28,32,35,37,38,45,46,47,51,53,54,56,57,58,63,67,72,73,74,76,77,81,82,84,85,88,90,91,97,102,104,105,106,110,112,115,120,123,124,126,128,130,131,138,140,141,146,157,164,166,168,170,172,179,189,191,194,195,197,199,200,202,203,217,226,229,230,231,239,241,247,249,250
moe_dump layer=8 batch=56 n_unique=83 ids=1,13,15,18,20,22,24,28,34,35,37,42,45,46,47,51,53,54,56,63,67,73,74,76,77,84,85,86,88,89,90,91,97,102,103,106,112,115,120,122,123,126,128,129,130,131,133,134,135,146,157,158,164,168,170,172,173,179,184,189,190,191,194,195,196,197,199,200,202,204,210,217,218,226,228,229,231,235,237,246,247,249,253
moe_dump layer=9 batch=64 n_unique=91 ids=2,3,12,14,15,18,24,26,28,30,32,34,40,42,44,49,52,53,55,56,57,58,60,71,72,73,78,80,81,82,83,84,90,94,95,96,100,104,105,106,108,112,116,122,124,125,131,132,138,141,143,148,149,152,161,162,164,167,172,174,175,176,179,184,186,187,191,192,193,194,197,198,199,205,206,209,218,219,221,224,226,232,235,239,240,242,243,244,245,251,253
moe_dump layer=9 batch=64 n_unique=84 ids=2,3,4,9,12,14,15,18,24,29,32,33,40,42,48,49,53,55,56,57,58,59,60,64,68,72,73,75,78,83,84,90,94,95,96,100,101,102,104,106,107,108,110,114,122,131,135,137,143,148,149,150,152,160,161,162,167,174,175,179,186,187,191,192,193,195,198,206,209,217,219,220,221,226,230,232,235,236,239,240,242,245,251,253
moe_dump layer=9 batch=56 n_unique=93 ids=2,3,11,12,14,15,17,18,24,25,30,32,42,43,44,49,51,52,53,55,56,57,58,59,60,72,73,78,79,80,82,83,86,90,94,100,102,104,106,108,112,114,117,121,122,124,125,128,130,131,132,143,146,149,152,157,161,162,163,164,167,169,172,175,178,179,182,184,186,187,191,192,193,195,198,199,201,206,209,218,219,221,226,227,229,230,235,239,240,242,243,251,253
moe_dump layer=10 batch=64 n_unique=97 ids=0,1,2,7,8,9,11,13,14,15,17,18,19,21,24,25,30,32,33,34,35,37,40,41,42,49,50,51,53,54,59,62,66,68,72,77,81,82,84,89,90,98,101,105,107,108,109,116,118,119,124,131,132,133,136,137,140,142,144,146,147,150,152,154,156,158,162,164,168,176,180,187,192,196,197,202,203,209,211,216,217,218,222,223,224,229,230,231,232,235,236,238,241,244,248,250,251
moe_dump layer=10 batch=64 n_unique=89 ids=0,2,4,7,9,10,11,13,15,16,18,19,33,35,37,40,41,42,44,45,46,47,50,51,59,62,68,70,72,74,77,80,81,82,84,89,90,98,101,103,107,108,109,116,118,119,120,124,130,135,137,139,142,146,147,150,151,152,164,166,168,176,180,182,187,189,192,196,197,198,203,211,214,216,217,218,229,230,231,232,234,235,237,245,246,248,251,252,253
moe_dump layer=10 batch=56 n_unique=96 ids=0,1,2,4,7,9,11,14,15,18,19,20,21,25,27,32,33,34,35,36,37,40,41,42,47,49,50,53,59,61,64,68,70,72,77,81,82,86,89,90,98,100,107,108,115,116,118,119,124,129,130,133,140,142,146,147,150,151,152,153,154,156,160,164,173,176,180,182,190,192,196,197,201,203,207,209,211,214,216,218,221,222,224,229,230,232,233,235,237,242,244,245,248,251,252,253
moe_dump layer=11 batch=64 n_unique=91 ids=2,9,15,18,19,20,24,30,31,41,43,47,53,55,58,59,64,68,70,77,78,79,82,85,86,88,89,91,94,96,97,98,101,102,103,104,109,113,114,115,117,119,121,125,129,132,133,138,141,144,147,151,155,156,160,161,162,165,168,169,174,182,185,186,187,188,189,193,194,195,201,203,207,208,209,212,216,217,218,220,221,222,223,227,228,232,235,246,248,252,254
moe_dump layer=11 batch=64 n_unique=92 ids=1,2,7,9,11,16,19,20,24,30,31,33,35,41,43,44,46,47,51,53,58,60,64,67,68,70,78,79,82,83,84,85,86,87,88,89,93,94,97,98,99,102,103,105,107,113,117,119,121,122,125,129,138,141,144,145,147,150,151,155,156,162,165,169,174,179,182,185,186,187,191,193,194,195,203,205,207,217,218,221,223,224,227,228,231,232,236,238,241,243,248,252
moe_dump layer=11 batch=56 n_unique=81 ids=1,7,9,19,20,22,30,32,33,34,35,41,43,47,53,58,59,64,67,68,70,77,79,85,88,89,94,96,97,98,102,104,105,117,118,119,121,125,127,129,133,138,141,143,144,149,151,153,156,161,162,165,169,171,174,176,182,184,185,189,191,192,193,194,195,204,207,209,217,221,222,227,228,231,232,238,248,250,251,252,254
moe_dump layer=12 batch=64 n_unique=80 ids=8,14,16,19,25,33,34,35,37,39,40,42,43,49,55,58,59,61,63,64,80,90,92,95,97,100,106,108,109,112,120,122,123,125,127,131,134,142,144,145,148,152,162,165,168,169,170,171,173,185,187,188,190,194,195,198,200,203,204,207,210,211,214,215,220,221,222,223,227,229,230,232,233,234,235,238,242,244,246,255
moe_dump layer=12 batch=64 n_unique=68 ids=8,14,16,19,23,25,26,29,34,39,49,55,59,63,64,70,78,90,94,95,97,100,108,111,122,123,124,125,127,131,134,137,145,148,157,163,165,168,169,171,177,185,188,190,192,194,195,196,199,200,203,204,207,210,214,215,220,222,223,229,232,233,235,239,246,248,252,255
moe_dump layer=12 batch=56 n_unique=78 ids=8,11,14,19,23,25,34,39,40,42,43,45,49,59,63,64,80,83,85,89,90,92,95,100,105,106,108,109,122,123,124,125,127,131,134,137,140,142,144,148,150,152,157,159,162,164,165,168,169,170,171,177,185,188,189,190,193,194,195,196,200,203,204,210,211,214,215,220,222,223,228,229,230,233,235,244,246,255
moe_dump layer=13 batch=64 n_unique=83 ids=4,5,8,9,12,13,14,16,24,28,29,35,38,41,42,45,47,50,53,59,63,64,71,78,81,91,92,94,96,97,99,100,109,110,111,114,115,116,122,129,133,134,139,140,144,145,146,147,148,151,154,155,159,162,165,166,167,171,172,173,177,179,180,184,185,186,195,198,200,203,204,206,222,225,230,231,236,237,239,244,248,251,255
moe_dump layer=13 batch=64 n_unique=70 ids=3,4,12,13,14,16,19,24,28,33,36,37,40,41,42,45,47,49,50,53,57,59,62,66,68,78,86,91,94,95,96,104,114,115,116,118,122,124,127,129,132,140,143,144,145,146,147,151,152,159,162,165,172,173,179,184,185,186,201,203,206,212,215,222,228,230,231,237,246,252
moe_dump layer=13 batch=56 n_unique=70 ids=4,5,14,19,24,28,33,36,37,41,42,45,47,48,49,50,53,59,63,66,79,87,89,91,94,96,107,114,115,118,122,124,129,132,138,143,144,145,146,147,148,151,158,159,160,162,165,173,176,179,180,182,184,185,186,193,195,199,203,204,215,222,225,228,230,231,235,244,248,252
moe_dump layer=14 batch=64 n_unique=73 ids=1,6,7,10,11,13,15,16,21,23,24,27,30,33,40,46,55,62,63,66,73,81,82,84,88,91,97,100,103,111,112,113,118,120,122,124,126,131,133,134,136,141,142,147,150,151,152,153,154,164,169,171,173,181,184,189,191,196,201,202,203,205,206,211,214,219,220,224,225,227,234,235,236
moe_dump layer=14 batch=64 n_unique=61 ids=1,6,10,11,13,16,24,26,27,35,40,46,53,55,56,61,66,73,81,83,86,88,91,94,97,100,103,109,112,113,117,118,120,131,134,136,138,139,141,142,147,150,153,156,173,176,178,184,191,196,202,206,209,211,218,223,227,233,234,235,236
moe_dump layer=14 batch=56 n_unique=70 ids=1,3,6,7,10,11,13,15,24,26,27,35,40,46,49,51,53,55,61,73,81,82,83,88,91,96,97,99,100,103,109,112,113,118,120,123,124,126,131,133,134,136,138,139,141,142,150,151,152,153,171,173,176,178,184,196,197,200,203,206,211,214,222,223,227,228,234,235,236,245
moe_dump layer=15 batch=64 n_unique=80 ids=1,2,5,6,7,8,9,10,11,13,21,22,25,27,30,35,36,37,45,46,50,60,63,64,66,68,69,75,79,82,85,86,88,90,97,103,104,105,108,118,122,123,124,130,132,134,137,139,141,145,148,152,157,160,166,174,175,186,189,192,200,201,203,207,209,210,213,215,217,218,235,239,240,242,244,246,248,249,253,254
moe_dump layer=15 batch=64 n_unique=87 ids=1,2,6,7,8,9,10,13,17,21,26,27,30,35,37,40,42,44,45,50,52,53,62,63,64,65,69,75,76,79,80,81,82,85,90,93,97,99,103,104,105,110,119,123,124,125,130,131,133,134,137,139,142,146,148,157,160,166,168,173,174,184,187,188,189,196,200,203,207,210,215,217,218,220,223,225,227,235,236,237,238,240,244,246,248,249,254
moe_dump layer=15 batch=56 n_unique=72 ids=1,2,6,7,8,9,10,17,21,26,27,30,35,37,45,46,50,52,53,63,66,68,69,79,83,85,90,95,97,99,103,104,105,110,118,122,123,124,130,132,134,139,141,148,157,160,166,174,175,176,178,180,187,188,189,203,207,210,213,214,215,218,220,223,225,237,240,244,246,248,249,254
moe_dump layer=16 batch=64 n_unique=89 ids=0,10,13,14,15,20,24,26,29,30,34,37,38,39,48,52,58,59,62,64,68,69,70,74,76,79,80,81,84,85,90,96,100,102,109,110,113,114,115,119,120,121,127,129,130,132,137,142,147,155,165,168,169,171,173,174,175,176,177,179,181,184,189,193,198,201,204,205,209,212,219,220,224,225,228,230,231,236,238,239,240,241,247,249,250,252,253,254,255
moe_dump layer=16 batch=64 n_unique=88 ids=0,4,13,14,16,24,27,29,30,37,38,39,43,45,46,48,52,57,64,68,69,70,81,85,86,87,88,90,93,100,101,102,105,107,111,113,115,117,119,120,121,129,130,132,135,136,139,142,143,144,147,157,159,166,169,170,171,173,174,175,176,177,178,179,181,189,193,194,201,205,209,211,212,218,219,224,228,229,230,231,236,238,239,240,245,247,249,255
moe_dump layer=16 batch=56 n_unique=85 ids=0,9,10,13,14,19,24,25,26,29,30,37,38,39,48,52,57,58,59,61,64,69,70,71,84,85,86,90,100,105,107,113,115,119,120,121,124,127,129,136,139,143,144,145,147,159,165,168,169,171,173,174,175,176,177,178,179,181,184,189,193,194,201,204,205,210,218,219,220,222,224,229,230,231,236,239,240,241,243,244,245,247,250,252,255
moe_dump layer=17 batch=64 n_unique=77 ids=1,3,4,5,10,16,19,20,22,26,32,33,41,50,52,61,68,69,74,75,77,78,86,91,93,100,101,104,108,111,112,113,117,120,123,124,125,127,129,133,134,138,140,145,154,157,165,166,170,173,177,178,179,181,182,187,194,200,202,204,205,206,208,215,219,222,231,233,234,236,240,241,248,249,253,254,255
moe_dump layer=17 batch=64 n_unique=84 ids=1,3,4,5,10,12,16,19,20,32,38,40,41,49,50,52,53,55,61,66,70,74,75,77,78,83,84,86,91,92,94,100,101,102,108,109,111,112,120,121,123,125,127,128,132,133,134,138,145,154,157,164,166,170,173,175,177,179,185,186,187,189,195,196,197,202,203,204,205,206,208,215,217,219,231,232,234,240,241,245,248,252,254,255
moe_dump layer=17 batch=56 n_unique=85 ids=1,3,4,5,6,10,12,16,19,21,25,26,33,40,41,50,53,55,57,58,61,65,74,75,76,77,78,81,84,86,91,92,94,100,101,104,108,109,110,111,112,117,120,123,125,127,129,130,133,138,145,146,148,154,157,166,170,171,177,178,179,185,187,189,190,194,195,196,197,202,203,204,208,209,219,222,231,232,234,240,241,248,249,252,254
moe_dump layer=18 batch=64 n_unique=73 ids=6,10,23,27,37,45,50,60,61,68,70,74,79,80,82,83,86,88,89,90,96,98,99,107,114,115,123,125,126,128,130,132,135,143,145,151,152,154,155,156,161,166,167,169,173,178,179,182,183,186,193,195,196,201,203,206,208,213,215,217,219,222,223,224,232,233,234,237,238,239,242,246,253
moe_dump layer=18 batch=64 n_unique=76 ids=2,10,13,23,28,31,37,38,45,55,60,61,63,66,68,79,80,84,86,88,89,90,97,98,107,109,114,119,128,130,131,132,137,139,141,143,145,153,154,155,160,161,166,167,169,173,174,176,179,182,183,188,189,190,191,194,195,199,203,208,211,213,215,216,217,222,223,225,232,233,234,237,238,242,243,253
moe_dump layer=18 batch=56 n_unique=73 ids=2,8,9,10,12,23,37,43,51,60,61,65,66,72,87,89,90,99,100,101,107,109,114,116,119,125,126,130,131,132,139,144,148,151,154,155,158,160,161,166,167,169,171,173,176,178,179,180,182,183,194,195,196,199,203,207,208,210,211,213,215,216,220,225,227,232,233,234,237,238,242,246,253
moe_dump layer=19 batch=64 n_unique=109 ids=3,4,5,8,10,11,12,13,15,19,22,25,28,30,36,38,42,43,44,45,51,53,55,56,59,60,62,68,71,73,74,78,81,82,83,85,91,93,97,98,101,102,103,107,109,110,112,113,116,117,122,123,124,130,131,134,139,141,142,149,150,154,157,158,159,160,161,168,170,172,174,176,177,178,181,182,183,185,186,187,188,189,190,191,194,196,201,203,206,209,210,212,216,218,220,222,223,224,228,234,236,238,241,245,246,247,249,251,253
moe_dump layer=19 batch=64 n_unique=102 ids=1,3,4,5,10,13,15,19,22,24,25,28,29,36,38,39,43,44,45,46,53,56,60,64,68,69,70,71,73,74,77,83,91,93,96,97,98,101,102,103,107,109,110,112,113,117,123,124,130,131,134,139,140,142,148,149,154,157,158,159,160,161,168,170,172,174,177,178,181,182,184,185,188,189,191,194,196,197,201,202,203,209,210,211,212,215,216,220,222,223,224,228,233,236,238,244,247,249,251,252,253,254
moe_dump layer=19 batch=56 n_unique=105 ids=5,8,10,13,15,22,25,28,29,36,39,43,44,45,46,48,49,53,56,59,60,62,66,68,71,73,74,77,81,82,83,86,91,92,93,97,98,102,103,107,110,111,112,113,116,117,118,122,123,128,130,131,134,139,141,148,149,150,152,158,159,160,161,163,164,165,167,168,170,174,176,177,178,181,182,183,184,185,186,187,194,196,201,209,210,212,213,216,220,222,223,224,226,228,232,233,234,236,238,242,244,247,251,253,254
moe_dump layer=20 batch=64 n_unique=74 ids=0,4,8,10,11,12,14,15,21,22,29,32,48,49,60,61,62,64,69,70,73,74,75,85,86,90,91,95,96,103,109,111,112,114,115,116,119,121,128,129,131,134,144,145,147,149,151,156,159,163,164,166,167,169,171,172,173,174,187,191,192,197,199,206,207,213,219,229,242,244,246,247,251,255
moe_dump layer=20 batch=64 n_unique=86 ids=0,4,7,11,14,15,20,21,22,27,29,32,34,36,37,38,48,49,53,60,61,63,64,69,70,73,75,79,85,88,91,95,96,98,110,112,114,115,116,119,121,124,128,129,134,144,145,147,159,160,163,164,166,167,169,172,173,174,175,181,182,183,187,191,197,199,202,204,206,207,213,217,218,219,221,229,232,236,240,242,243,247,248,250,251,255
moe_dump layer=20 batch=56 n_unique=78 ids=4,7,8,9,11,15,21,22,29,31,41,48,49,53,55,56,61,63,64,69,73,74,75,79,85,87,88,91,95,96,101,103,105,109,110,112,114,116,119,121,122,129,130,132,134,140,144,147,149,156,159,166,167,169,172,173,175,178,181,182,183,187,197,199,206,207,208,210,214,218,219,225,228,229,236,241,242,247
moe_dump layer=21 batch=64 n_unique=98 ids=1,4,9,13,17,18,21,22,26,28,30,34,37,38,42,43,45,46,47,49,50,55,59,62,65,66,72,73,75,80,83,84,85,86,89,91,93,95,99,108,111,113,115,117,118,121,122,123,124,127,130,134,135,138,142,147,148,150,151,155,156,157,159,167,168,170,172,173,176,177,179,183,184,188,190,193,198,207,208,210,211,217,219,221,222,225,228,231,234,239,240,243,245,247,248,249,251,252
moe_dump layer=21 batch=64 n_unique=93 ids=1,4,9,11,14,17,21,22,25,26,27,28,30,34,38,42,45,46,47,48,49,50,52,56,57,58,59,60,62,65,66,72,73,75,76,81,82,85,87,89,91,107,111,113,115,117,121,122,123,124,135,138,139,142,148,151,155,156,157,158,159,169,170,172,173,176,179,183,188,190,193,198,202,203,208,210,214,219,221,222,228,234,239,241,243,245,247,248,249,251,252,253,254
moe_dump layer=21 batch=56 n_unique=96 ids=1,2,4,13,15,17,18,21,22,25,28,34,38,43,44,45,46,48,49,50,54,55,56,59,60,62,65,66,72,73,75,80,81,82,85,89,93,99,102,105,108,109,111,122,123,129,131,135,138,139,142,146,151,153,155,156,157,160,163,167,168,169,170,171,172,176,180,183,184,185,186,190,192,193,198,202,208,210,217,219,221,222,227,228,231,232,234,237,239,240,243,244,245,246,251,252
moe_dump layer=22 batch=64 n_unique=84 ids=0,2,4,6,16,18,21,23,27,29,31,34,37,38,43,48,49,50,51,61,62,64,66,67,69,73,77,79,80,81,82,83,89,91,92,100,105,107,115,117,122,133,134,137,143,144,145,146,147,150,156,159,164,166,167,169,176,178,181,183,190,193,194,197,201,203,205,206,209,212,214,215,216,218,230,233,234,235,236,239,241,243,244,250
moe_dump layer=22 batch=64 n_unique=89 ids=2,4,16,18,23,26,31,34,43,45,48,49,50,51,54,55,61,62,64,66,68,69,76,77,80,81,83,85,89,91,101,105,107,115,117,122,133,134,135,142,144,145,147,150,156,158,160,164,165,166,167,169,173,175,176,179,181,182,184,186,187,190,194,197,201,204,206,208,209,214,215,218,220,221,223,224,226,230,233,234,239,240,241,244,248,250,252,253,255
moe_dump layer=22 batch=56 n_unique=93 ids=0,2,6,10,14,16,18,21,23,31,34,35,37,43,45,49,50,51,54,56,57,61,62,68,72,73,77,79,80,81,83,89,91,96,97,98,99,106,112,117,119,122,126,132,133,135,136,138,142,143,145,146,147,150,151,156,157,158,159,160,161,164,165,166,172,176,178,179,181,184,186,194,195,199,201,208,212,216,220,221,223,229,235,236,237,239,241,244,248,250,251,253,255
moe_dump layer=23 batch=64 n_unique=85 ids=1,2,6,8,10,25,26,28,32,35,36,41,42,46,49,54,60,61,63,64,66,67,68,70,72,73,75,76,82,88,92,100,101,103,106,108,111,117,118,119,125,126,127,128,129,130,132,133,136,139,140,142,143,144,149,156,158,160,165,167,170,172,175,179,180,182,187,190,193,209,210,217,221,225,226,228,235,236,238,242,244,246,248,249,253
moe_dump layer=23 batch=64 n_unique=100 ids=0,1,2,6,7,10,11,13,15,23,27,28,29,32,36,39,42,43,49,51,54,57,58,60,63,64,66,67,69,70,72,73,75,83,85,93,94,96,100,103,104,106,108,111,118,119,120,128,131,132,133,135,136,138,140,143,144,148,149,153,158,160,161,165,167,168,170,172,173,175,180,182,185,186,187,190,193,194,196,197,201,202,206,209,210,216,217,219,220,221,224,225,226,235,238,240,241,242,247,253
moe_dump layer=23 batch=56 n_unique=96 ids=0,1,2,4,6,7,10,11,15,19,23,27,28,30,32,36,42,49,51,52,54,55,57,60,64,66,67,68,70,72,75,76,85,88,92,93,94,104,107,118,119,120,127,128,129,130,132,133,135,138,139,142,143,144,147,149,153,158,160,163,164,165,167,168,170,172,173,174,175,180,182,185,186,187,190,193,197,210,216,217,220,221,225,226,228,237,240,241,243,245,246,247,249,251,253,255
moe_dump layer=24 batch=64 n_unique=86 ids=0,1,4,6,9,10,15,16,19,24,28,29,33,40,41,44,47,54,56,58,59,61,62,63,64,65,73,77,86,98,101,103,105,106,110,111,113,114,118,120,122,123,125,126,127,130,132,135,136,139,152,154,155,156,157,162,165,167,168,170,172,174,176,179,184,193,196,198,200,202,209,213,214,218,221,223,224,226,227,231,237,240,242,248,250,255
moe_dump layer=24 batch=64 n_unique=89 ids=0,1,7,10,11,14,15,19,26,27,28,29,33,36,40,41,47,48,54,56,58,59,60,61,62,63,64,65,73,74,86,91,96,98,101,103,106,108,110,114,118,123,125,126,132,133,136,138,140,142,151,152,153,155,156,157,160,162,166,167,170,171,172,174,176,177,179,183,185,186,193,198,204,209,218,220,223,224,225,228,231,237,240,241,243,246,247,248,250
moe_dump layer=24 batch=56 n_unique=87 ids=0,1,3,6,10,11,14,15,16,19,24,27,28,29,33,40,41,44,48,56,57,58,59,60,61,64,65,66,67,73,77,86,88,101,103,104,106,110,112,118,119,121,123,124,125,126,128,132,135,138,139,142,146,147,148,152,153,157,158,162,165,166,167,171,172,174,176,177,179,185,186,193,196,198,202,203,208,209,214,220,223,224,229,231,241,243,247
moe_dump layer=25 batch=64 n_unique=86 ids=1,4,12,15,16,17,18,26,29,31,37,39,44,50,53,54,60,63,64,65,66,69,76,81,85,88,92,93,95,98,104,106,108,109,112,114,116,118,119,120,122,124,128,129,135,136,137,141,142,150,152,154,156,157,159,162,167,168,169,171,173,174,175,176,183,185,192,193,194,195,197,201,202,214,215,219,222,223,227,229,231,232,234,243,244,254
moe_dump layer=25 batch=64 n_unique=90 ids=2,9,10,11,12,13,15,17,22,27,29,31,33,37,39,43,44,51,53,54,65,67,68,69,71,72,76,85,88,89,91,95,98,99,101,104,108,109,110,114,116,118,122,125,128,129,137,148,149,150,151,152,154,156,157,158,159,165,167,169,171,174,175,183,185,186,187,188,189,191,193,194,195,197,198,201,203,209,215,222,223,226,227,228,229,231,232,233,247,252
moe_dump layer=25 batch=56 n_unique=95 ids=2,4,6,8,9,10,12,13,15,17,20,22,26,29,31,36,37,41,43,51,53,60,63,64,65,66,67,68,69,72,83,85,86,88,89,90,91,92,93,98,101,108,109,111,114,116,120,122,123,127,128,133,134,141,142,143,148,149,150,151,154,156,157,158,162,166,167,168,169,171,173,174,175,180,183,185,186,187,191,193,194,195,197,199,200,201,208,209,219,227,233,241,243,247,254
moe_dump layer=26 batch=64 n_unique=77 ids=7,11,16,17,18,19,25,28,31,32,46,51,52,60,61,62,69,72,73,75,76,80,82,88,91,92,94,95,98,99,106,116,117,122,127,128,130,131,132,133,136,141,142,150,154,157,169,171,172,173,178,179,186,188,189,190,191,192,197,199,201,204,213,222,223,224,227,230,232,233,234,238,245,246,247,250,253
moe_dump layer=26 batch=64 n_unique=72 ids=15,16,17,28,40,44,46,50,54,56,58,60,61,62,66,69,72,79,86,87,88,91,92,95,97,98,106,116,117,120,121,122,125,127,129,130,131,132,136,138,141,145,148,154,157,163,167,169,174,176,178,179,186,188,189,190,191,192,197,201,202,204,205,210,213,218,228,233,238,245,247,253
moe_dump layer=26 batch=56 n_unique=78 ids=0,11,15,16,17,18,19,28,32,38,49,50,56,58,61,63,66,69,72,73,78,79,80,81,83,88,91,92,97,98,106,112,116,122,127,129,130,135,139,141,142,157,159,160,161,167,169,171,177,178,179,186,188,189,190,191,192,193,197,201,204,206,208,209,213,217,219,220,228,233,234,239,243,247,250,253,254,255
moe_dump layer=27 batch=64 n_unique=83 ids=9,10,14,16,24,25,27,31,39,49,50,58,63,66,68,70,73,75,77,83,88,94,95,96,100,101,102,105,108,109,117,119,121,122,123,128,129,130,131,135,140,145,148,152,154,155,158,160,165,166,167,168,172,174,176,177,179,184,192,193,194,195,196,200,202,203,209,211,218,221,224,228,230,231,233,235,236,239,240,245,248,250,251
moe_dump layer=27 batch=64 n_unique=97 ids=10,14,16,21,24,25,27,31,33,37,49,56,58,63,65,66,68,69,70,73,75,76,77,80,83,92,93,94,95,100,102,104,105,108,109,110,116,117,126,128,130,131,132,134,135,138,139,144,145,147,152,153,155,160,161,163,164,165,166,168,170,172,174,175,176,179,181,182,187,191,193,198,200,202,203,206,209,214,216,218,219,221,227,228,229,231,232,233,235,236,239,242,245,247,250,251,254
moe_dump layer=27 batch=56 n_unique=100 ids=2,3,9,10,12,14,18,21,24,25,27,33,39,41,43,46,49,57,58,61,63,66,67,68,69,72,73,75,76,77,81,82,84,85,88,93,94,95,102,103,104,105,106,108,115,116,117,122,123,128,130,131,132,133,134,135,136,140,141,144,145,147,152,153,155,156,158,159,160,161,166,167,168,172,173,175,177,187,192,193,195,197,198,199,200,202,203,209,214,218,221,222,228,229,231,232,236,240,242,252
moe_dump layer=28 batch=64 n_unique=99 ids=1,3,4,6,9,10,14,22,25,28,29,30,31,32,33,34,38,39,41,43,47,50,53,54,57,59,69,70,71,75,79,81,82,85,93,94,98,101,103,109,112,114,119,125,127,129,130,132,135,142,146,147,151,154,156,157,158,162,166,167,169,172,175,176,177,178,183,186,189,192,193,196,197,201,204,205,209,211,218,222,223,225,227,228,230,231,232,233,234,235,237,245,247,248,249,250,251,252,253
moe_dump layer=28 batch=64 n_unique=93 ids=1,4,5,6,8,11,13,14,17,18,22,28,29,31,33,37,41,42,43,48,53,57,59,62,65,66,67,69,71,72,74,79,85,88,89,92,93,94,100,101,103,109,112,117,118,119,122,125,126,129,130,132,135,139,147,149,151,154,156,157,158,161,163,167,172,177,178,185,188,197,198,201,209,211,213,218,222,227,228,232,233,234,239,240,241,242,243,245,247,249,250,251,253
moe_dump layer=28 batch=56 n_unique=98 ids=1,4,5,6,7,9,13,19,22,24,25,28,29,31,33,37,39,43,48,53,58,59,61,66,72,77,79,80,82,85,90,91,93,94,95,99,100,101,103,107,109,112,117,120,122,124,125,129,130,132,136,137,139,148,152,154,156,161,162,163,166,167,169,174,176,177,178,182,186,189,194,196,198,200,201,202,204,207,208,209,218,221,224,226,227,228,231,232,234,235,241,242,245,246,249,250,251,253
moe_dump layer=29 batch=64 n_unique=79 ids=2,3,4,17,30,32,34,35,37,44,45,52,54,55,56,57,59,66,67,71,74,76,81,88,90,94,96,97,98,104,105,109,110,115,117,119,126,128,131,136,138,140,141,157,159,161,165,167,169,170,173,175,179,181,186,196,198,204,206,207,215,221,222,223,226,227,230,232,234,235,239,240,241,243,245,246,247,251,255
moe_dump layer=29 batch=64 n_unique=87 ids=2,4,9,13,17,18,20,24,28,32,35,37,43,44,46,53,55,59,66,67,68,70,73,74,75,76,77,78,81,87,88,89,93,94,95,96,98,101,103,105,109,110,112,115,118,126,129,131,136,140,141,143,148,151,157,159,163,165,167,169,171,180,182,186,188,195,204,205,220,221,222,223,226,229,232,235,237,239,240,241,243,245,246,247,250,251,255
moe_dump layer=29 batch=56 n_unique=87 ids=2,3,4,9,10,11,12,13,17,18,23,30,32,43,44,51,53,54,55,58,60,66,67,68,70,73,74,76,77,81,87,88,93,95,96,97,98,105,112,122,126,128,131,132,139,140,141,147,148,149,151,153,156,157,161,165,167,169,171,174,178,181,185,186,189,198,204,205,206,220,221,222,223,226,230,232,236,237,238,239,241,243,244,245,247,249,250
moe_dump layer=30 batch=64 n_unique=88 ids=0,4,6,8,9,11,12,13,18,19,29,30,33,36,37,38,39,40,45,46,50,51,62,65,69,70,74,75,84,85,90,91,94,95,96,97,101,103,105,106,111,113,118,122,124,127,133,136,140,141,156,162,163,167,170,176,177,180,182,183,184,190,192,193,194,199,200,205,211,213,214,216,222,228,229,230,236,237,238,240,242,243,247,248,249,251,252,253
moe_dump layer=30 batch=64 n_unique=84 ids=0,6,7,8,9,12,13,15,18,19,21,23,29,31,33,36,38,45,50,51,53,61,74,75,78,84,85,89,91,94,95,96,101,106,108,109,111,117,118,122,124,125,133,136,140,141,153,156,161,162,163,167,173,174,177,178,182,183,184,192,193,199,200,205,206,212,213,215,219,228,229,230,234,236,237,238,239,242,243,247,248,251,253,255
moe_dump layer=30 batch=56 n_unique=95 ids=6,7,8,9,13,23,29,33,36,37,39,40,49,51,53,54,58,62,66,69,73,74,76,78,80,83,85,87,89,90,94,95,101,105,108,109,111,113,117,118,119,124,132,133,135,136,141,143,147,150,153,154,160,163,166,167,171,177,178,180,181,182,184,187,191,192,193,196,199,200,201,205,208,211,212,214,216,218,222,226,227,228,229,230,236,237,238,242,243,247,248,252,253,254,255
moe_dump layer=31 batch=64 n_unique=91 ids=2,3,6,8,9,10,19,21,22,27,30,32,33,34,36,38,42,46,52,54,55,56,57,59,62,63,65,67,70,74,81,84,86,87,88,89,92,93,94,101,102,104,109,112,113,114,123,124,125,128,130,133,136,137,144,148,156,159,160,161,166,168,172,178,179,180,181,182,193,197,198,199,202,203,207,208,216,219,229,236,237,238,240,241,242,243,245,246,251,252,255
moe_dump layer=31 batch=64 n_unique=103 ids=2,3,4,6,10,13,17,19,27,32,34,37,38,42,44,45,52,54,55,56,57,59,62,63,64,65,67,72,73,74,77,78,80,81,82,84,86,87,89,92,93,94,98,100,102,105,109,112,113,114,121,123,125,126,127,128,130,133,134,137,141,143,144,147,156,158,159,161,165,166,168,169,170,176,178,188,189,190,193,197,207,208,211,212,213,215,218,219,224,225,229,238,240,241,242,243,245,246,248,250,252,254,255
moe_dump layer=31 batch=56 n_unique=92 ids=2,3,13,20,22,32,33,37,39,40,41,42,44,46,51,56,57,62,64,65,66,67,68,74,75,77,78,79,86,87,89,93,94,96,98,102,104,105,112,113,122,123,125,126,129,130,131,132,133,136,141,143,151,156,158,159,160,162,166,168,169,170,174,178,181,183,185,193,195,197,198,206,208,212,214,219,220,227,229,231,234,238,241,242,243,245,246,247,248,250,254,255
moe_dump layer=32 batch=64 n_unique=78 ids=1,3,4,6,8,9,17,22,25,29,32,33,35,37,40,43,45,46,53,56,65,70,79,90,95,96,98,99,101,103,104,109,112,114,118,120,126,133,136,140,141,142,145,146,147,153,155,160,161,164,168,172,173,175,180,181,183,193,204,205,208,211,213,215,216,218,219,221,222,230,231,233,237,241,246,250,252,254
moe_dump layer=32 batch=64 n_unique=79 ids=1,3,4,6,8,22,25,28,32,33,37,39,45,53,55,61,66,76,79,81,90,95,96,97,98,99,100,105,107,109,111,112,114,117,118,120,126,132,133,135,140,142,146,147,152,153,154,160,161,164,168,170,172,173,177,182,183,185,193,204,205,210,211,213,214,215,218,219,231,236,237,239,244,246,248,250,252,254,255
moe_dump layer=32 batch=56 n_unique=87 ids=0,1,3,4,6,8,17,19,22,23,25,28,30,32,37,39,45,46,53,56,58,61,65,66,67,70,77,78,79,86,88,94,95,96,99,100,105,106,107,109,114,117,118,120,126,127,129,133,134,135,140,141,147,151,153,154,155,161,162,164,169,172,175,178,181,183,186,189,193,195,198,199,201,204,205,210,214,215,218,219,221,234,235,236,243,246,248
moe_dump layer=33 batch=64 n_unique=96 ids=1,2,9,13,15,19,22,25,30,38,43,45,47,49,51,54,56,58,60,61,62,65,68,69,72,75,77,78,81,86,87,88,90,91,93,100,103,111,115,116,118,120,124,127,128,131,132,136,137,139,144,147,149,151,152,154,155,158,159,160,161,165,166,168,171,172,174,175,177,182,186,189,190,191,196,203,206,209,211,213,216,218,219,222,225,229,230,233,234,236,238,247,249,251,252,253
moe_dump layer=33 batch=64 n_unique=101 ids=1,4,7,9,12,13,25,27,28,30,36,38,40,43,45,47,49,54,56,57,58,59,60,61,66,68,72,74,75,77,78,80,86,87,90,91,93,96,98,99,102,107,111,115,116,118,120,121,125,127,128,132,136,137,138,139,140,144,147,148,149,151,152,156,159,160,164,166,172,173,175,177,181,185,186,190,191,193,196,203,206,209,211,213,216,218,222,223,224,229,230,233,234,238,239,247,249,251,253,254,255
moe_dump layer=33 batch=56 n_unique=89 ids=1,7,9,11,12,13,15,18,19,22,23,25,27,28,30,35,36,38,43,47,49,50,54,58,59,60,64,68,72,74,75,77,80,84,87,88,90,91,93,98,106,107,111,112,115,118,121,122,127,128,130,132,136,138,147,148,149,161,164,165,166,170,171,172,174,175,185,186,190,193,196,198,203,211,212,216,221,226,230,235,237,238,239,247,249,250,252,253,254
moe_dump layer=34 batch=64 n_unique=98 ids=1,6,8,10,11,13,15,18,20,21,23,25,29,31,33,34,36,37,44,45,50,51,52,53,54,57,59,68,72,75,76,77,80,81,82,83,84,85,90,93,98,109,114,119,121,126,127,133,134,135,136,137,141,147,149,152,155,160,164,172,173,175,176,177,178,179,180,184,185,187,188,191,195,196,200,201,202,204,207,208,209,210,211,213,220,222,225,230,231,238,240,243,244,246,247,249,253,255
moe_dump layer=34 batch=64 n_unique=81 ids=1,5,6,8,10,11,12,13,15,18,26,29,37,44,45,49,53,54,57,60,66,68,69,76,79,80,82,83,85,93,94,96,98,109,111,113,114,121,122,125,127,135,137,144,147,149,151,153,164,170,171,173,175,176,177,178,180,185,187,188,191,193,195,196,204,207,208,209,222,225,228,230,235,238,240,241,242,243,244,247,249
moe_dump layer=34 batch=56 n_unique=82 ids=1,8,10,13,18,20,21,23,26,30,33,38,39,42,44,45,51,54,59,60,69,75,76,79,80,81,82,83,85,90,93,109,111,115,121,124,126,129,132,133,134,135,137,150,152,153,164,169,173,175,176,177,178,179,180,188,191,193,196,198,201,204,207,209,210,211,214,218,222,224,225,231,232,233,235,237,238,244,247,249,250,255
moe_dump layer=35 batch=64 n_unique=100 ids=0,2,5,6,7,8,14,16,17,21,23,24,29,30,31,35,40,43,46,47,48,50,51,57,59,61,63,64,66,70,71,74,81,84,85,86,88,90,93,105,108,110,111,113,114,115,116,119,120,126,127,129,132,133,135,136,137,138,143,146,148,150,156,158,160,162,164,166,168,170,174,177,178,179,180,187,188,190,191,195,198,201,203,204,212,215,216,217,218,224,227,229,235,240,243,245,249,251,252,254
moe_dump layer=35 batch=64 n_unique=88 ids=0,5,6,16,17,21,26,31,35,42,47,48,50,57,60,63,64,65,70,71,74,84,85,86,88,90,95,99,100,103,104,105,108,110,113,116,119,120,124,126,127,129,131,132,133,135,137,139,143,146,148,150,156,160,162,164,167,168,170,174,175,176,178,179,185,187,188,190,194,195,197,201,204,212,216,224,229,232,235,240,243,245,247,248,249,251,252,254
moe_dump layer=35 batch=56 n_unique=90 ids=1,5,8,14,16,17,21,26,28,30,31,35,39,41,42,48,50,53,54,57,60,63,64,65,66,68,71,80,84,85,86,87,88,90,93,97,98,99,100,103,107,110,111,113,115,116,120,122,125,131,132,143,146,148,150,151,153,160,161,162,164,167,170,174,178,184,188,190,194,195,201,202,209,212,215,216,217,218,221,227,228,232,234,235,237,240,243,244,245,252
moe_dump layer=36 batch=64 n_unique=79 ids=4,5,10,18,19,20,22,24,33,41,45,52,56,57,69,70,73,74,75,76,77,79,80,91,100,101,102,104,105,106,109,111,113,115,116,118,119,122,123,126,127,132,135,141,144,145,153,154,162,165,169,172,180,182,187,191,196,198,200,201,202,203,204,206,207,212,220,222,224,227,229,230,233,234,235,237,240,244,245
moe_dump layer=36 batch=64 n_unique=66 ids=4,5,18,19,20,24,41,44,50,52,56,57,69,70,71,73,75,76,77,79,91,92,94,100,101,106,107,109,115,118,119,122,123,126,127,135,137,141,145,153,154,158,159,161,162,165,169,172,174,182,189,191,199,201,202,204,206,211,212,220,227,233,234,235,237,244
moe_dump layer=36 batch=56 n_unique=96 ids=0,3,4,5,13,17,18,20,21,22,33,34,41,44,51,57,62,64,69,70,73,75,76,77,79,80,89,90,91,93,96,97,98,100,101,105,106,107,109,111,113,114,118,122,123,126,127,130,132,134,135,137,144,145,146,150,153,155,156,158,159,162,165,169,173,174,175,177,181,182,187,191,195,197,199,203,204,206,211,212,216,220,221,222,223,227,233,234,238,239,241,244,248,249,250,251
moe_dump layer=37 batch=64 n_unique=86 ids=1,4,6,7,12,14,17,19,32,33,35,37,39,41,55,57,60,61,65,70,76,78,80,81,83,90,91,93,94,96,100,102,103,106,107,114,116,120,122,123,128,135,136,137,141,142,146,147,152,153,155,157,159,160,162,163,165,170,171,177,186,189,190,203,204,205,207,210,211,213,215,216,218,219,222,225,233,235,239,242,243,246,248,249,253,254
moe_dump layer=37 batch=64 n_unique=89 ids=1,4,6,8,10,12,16,17,20,22,27,29,30,32,33,37,39,41,42,50,53,55,57,60,61,68,69,70,73,74,76,80,81,83,87,90,91,96,99,100,102,103,107,108,111,114,116,122,123,125,126,135,136,142,146,147,151,157,158,159,163,171,173,177,186,190,192,193,201,203,205,207,208,212,213,214,215,222,225,231,235,236,239,242,243,246,250,253,254
moe_dump layer=37 batch=56 n_unique=85 ids=1,4,8,9,13,15,16,17,25,29,30,32,33,37,39,44,47,53,55,60,61,66,67,69,72,73,76,80,81,83,86,89,94,99,106,110,114,116,120,122,123,129,131,134,135,136,142,143,146,155,157,158,161,163,170,173,177,187,189,190,197,201,202,204,207,210,211,212,213,214,216,219,221,222,227,228,236,237,239,242,243,246,250,253,254
moe_dump layer=38 batch=64 n_unique=84 ids=1,4,5,6,8,10,12,13,15,16,17,23,27,34,35,38,40,41,43,49,61,63,68,73,76,80,82,86,88,101,102,105,107,109,115,118,121,122,126,131,133,137,140,141,142,143,144,145,148,150,152,155,162,165,167,168,169,173,175,176,178,183,187,188,190,197,201,205,207,211,217,218,219,221,224,227,230,234,239,243,244,246,248,249
moe_dump layer=38 batch=64 n_unique=81 ids=0,4,5,8,10,12,13,17,21,22,23,27,33,34,35,40,41,49,50,53,58,61,63,67,73,76,82,86,88,94,102,105,107,110,114,118,120,121,126,131,133,137,140,141,142,143,144,145,148,150,162,165,167,168,169,173,175,178,184,187,190,199,201,210,213,216,218,219,221,222,224,229,230,231,234,239,242,246,248,253,255
moe_dump layer=38 batch=56 n_unique=82 ids=2,6,10,12,15,17,20,21,23,27,34,35,40,41,48,49,50,53,56,59,60,63,67,68,69,73,75,86,88,98,104,105,109,110,114,117,118,120,122,130,131,133,137,138,139,140,141,143,144,145,148,150,153,162,164,165,167,168,169,171,172,173,178,182,187,188,190,196,197,201,210,213,217,219,221,229,230,231,239,241,242,253
moe_dump layer=39 batch=64 n_unique=96 ids=0,5,7,9,15,20,21,23,25,28,31,36,45,49,52,54,55,56,60,61,64,65,69,73,80,85,86,89,90,91,94,96,98,100,101,106,108,115,117,119,120,121,124,131,135,137,139,140,144,147,150,153,154,155,156,163,164,165,168,169,170,171,172,175,177,178,180,182,183,184,190,194,199,200,206,207,214,216,217,218,219,220,221,223,225,227,228,229,232,233,234,235,238,239,242,255
moe_dump layer=39 batch=64 n_unique=83 ids=0,7,9,11,15,21,26,27,44,45,49,54,55,56,60,65,69,70,73,80,84,85,86,89,90,96,100,101,105,108,117,120,124,126,138,139,140,143,144,147,150,154,156,163,164,165,168,169,170,171,175,177,178,180,182,184,185,190,194,199,200,203,207,208,211,212,214,217,218,219,220,221,222,223,225,226,227,229,230,233,234,235,242
moe_dump layer=39 batch=56 n_unique=92 ids=3,5,9,11,15,22,23,25,27,31,35,38,40,49,50,52,55,56,60,61,69,73,74,77,84,85,89,91,95,96,98,100,101,105,110,113,116,117,121,124,130,134,138,139,142,144,147,148,150,154,155,160,164,165,168,171,172,175,177,178,180,182,184,185,190,192,194,197,198,200,203,204,207,208,211,212,218,219,221,222,224,227,229,230,232,233,234,235,240,245,248,252
moe_dump layer=40 batch=64 n_unique=76 ids=1,7,12,19,20,22,23,24,26,27,28,29,33,34,41,44,54,59,61,63,74,76,78,80,82,90,91,93,94,99,104,107,108,109,111,112,113,120,122,124,127,130,132,135,139,143,144,145,146,151,154,155,161,168,174,175,183,184,190,192,198,199,206,207,208,211,215,217,221,225,231,237,242,246,252,255
moe_dump layer=40 batch=64 n_unique=65 ids=7,11,12,15,16,22,23,24,27,28,33,41,45,53,54,57,59,63,71,73,76,78,80,87,91,93,95,104,107,108,109,112,119,122,127,130,132,133,139,141,143,144,145,146,151,154,159,161,175,177,183,192,193,199,207,208,211,213,221,224,239,242,246,252,253
moe_dump layer=40 batch=56 n_unique=74 ids=1,3,4,5,7,11,16,20,23,26,29,33,36,37,41,54,57,59,70,72,74,76,80,87,93,94,95,100,104,107,112,113,117,119,121,122,128,130,133,137,138,139,143,144,146,147,150,151,154,155,156,157,159,161,165,177,178,188,192,198,199,202,206,208,211,221,222,224,228,239,242,245,252,255
moe_dump layer=41 batch=64 n_unique=93 ids=0,5,7,8,10,12,23,28,36,39,40,43,46,48,52,53,54,59,63,66,68,70,73,75,78,80,82,83,88,91,94,95,96,99,102,104,108,109,110,112,114,115,117,120,123,125,128,134,137,138,139,140,141,144,147,148,149,153,154,156,160,163,164,168,170,171,172,175,177,185,186,188,192,199,202,203,204,208,209,214,218,233,235,236,239,241,243,246,247,250,253,254,255
moe_dump layer=41 batch=64 n_unique=85 ids=0,5,7,8,10,19,23,29,36,40,42,46,48,51,52,53,58,59,63,66,70,73,78,81,82,86,88,91,95,96,97,100,102,103,105,107,108,109,114,116,117,120,125,126,127,129,131,133,134,137,138,140,141,142,144,147,153,158,160,170,171,172,176,182,188,191,192,199,208,209,212,214,223,227,228,233,234,235,236,239,240,241,246,253,255
moe_dump layer=41 batch=56 n_unique=95 ids=0,2,4,5,8,10,12,13,17,19,20,21,22,27,28,35,36,39,40,43,49,52,53,59,62,63,70,73,75,78,80,82,83,91,95,96,100,102,104,105,108,110,111,116,117,125,126,127,128,129,133,134,138,140,141,148,149,153,159,160,161,164,167,168,169,171,174,175,176,182,188,191,197,199,200,202,204,207,210,211,214,216,222,223,227,232,235,236,239,243,246,248,249,250,253
moe_dump layer=42 batch=64 n_unique=79 ids=0,4,7,14,15,18,21,22,23,25,26,28,30,34,35,41,45,46,47,50,62,64,67,70,73,78,79,81,93,98,101,107,117,119,122,123,125,131,132,135,136,137,138,149,150,151,152,154,158,161,162,165,168,172,182,189,192,193,196,200,202,203,204,205,211,215,216,222,225,227,232,233,234,236,239,240,242,244,251
moe_dump layer=42 batch=64 n_unique=73 ids=0,4,7,13,14,15,18,21,23,25,28,30,32,33,34,41,45,50,54,64,67,71,78,79,80,81,93,107,117,122,123,125,128,131,132,133,137,149,150,152,154,161,162,165,174,182,189,190,192,193,195,198,200,202,203,204,205,210,222,224,225,232,233,234,235,236,239,240,242,244,247,251,255
moe_dump layer=42 batch=56 n_unique=94 ids=4,6,7,12,13,14,15,18,21,22,25,31,32,35,40,41,46,48,50,62,64,66,67,70,72,73,76,77,78,79,80,81,83,84,89,90,92,94,97,99,100,105,107,109,110,112,114,119,122,123,124,125,126,130,131,132,135,137,143,149,150,155,158,161,162,165,177,181,182,184,189,191,192,193,194,195,196,200,203,210,211,213,221,222,224,225,231,232,233,234,236,239,242,244
